12 0.519006 0.391173 0.050439 0.100329
12 0.762610 0.526590 0.055190 0.122259
12 0.215643 0.115406 0.029240 0.043311
12 0.036550 0.449836 0.055556 0.088268
1 0.533626 0.401042 0.010965 0.022478
11 0.151499 0.616502 0.028143 0.027961
11 0.536915 0.674068 0.024854 0.066338
11 0.442434 0.611294 0.010599 0.032895
11 0.763889 0.717654 0.022661 0.025219
11 0.697917 0.717928 0.020833 0.041118
11 0.714181 0.052083 0.011696 0.017544
11 0.665753 0.064693 0.009868 0.018640
14 0.230080 0.339638 0.028874 0.024671
14 0.502741 0.833882 0.039839 0.059211
14 0.670870 0.146656 0.009137 0.018092
14 0.691155 0.143092 0.016082 0.017544
14 0.046601 0.829770 0.042763 0.075110
7 0.259320 0.292215 0.080775 0.097588
7 0.548246 0.781798 0.040936 0.185307
7 0.707968 0.724507 0.369152 0.077303
7 0.179276 0.642270 0.304459 0.152961
7 0.813414 0.077303 0.019371 0.115132
7 0.540022 0.964912 0.058845 0.070175
16 0.496711 0.540570 0.112573 0.254386
16 0.791849 0.677632 0.115863 0.240132
16 0.686769 0.029331 0.035819 0.057566
16 0.867873 0.024945 0.035453 0.048794
16 0.188779 0.186952 0.070541 0.146930
16 0.031981 0.574836 0.063231 0.179276
14 0.851425 0.125000 0.020833 0.017544
0 0.489949 0.597588 0.130482 0.541667
0 0.776133 0.688596 0.156798 0.434211
0 0.690424 0.077851 0.067251 0.154605
0 0.865680 0.065241 0.044956 0.129386
0 0.192800 0.216283 0.099050 0.274671
0 0.084064 0.641996 0.167398 0.472588
