12 0.663667 0.696500 0.010333 0.017500
12 0.639083 0.698125 0.010500 0.015250
3 0.640500 0.699750 0.006667 0.010000
12 0.623917 0.700500 0.007833 0.013500
12 0.632167 0.665750 0.004667 0.009500
12 0.692917 0.691500 0.005833 0.010000
12 0.705750 0.692500 0.005167 0.009500
12 0.698167 0.698250 0.005333 0.008500
12 0.735083 0.706500 0.004833 0.008500
12 0.745667 0.694750 0.006667 0.011500
12 0.759083 0.697500 0.008167 0.010500
12 0.782500 0.696375 0.007333 0.010250
12 0.789083 0.698125 0.007500 0.008750
5 0.665083 0.700375 0.006500 0.010250
5 0.761000 0.698875 0.003667 0.006250
5 0.734083 0.708250 0.002500 0.004500
5 0.705917 0.694000 0.004500 0.006000
5 0.692667 0.692500 0.003667 0.005000
12 0.651333 0.695750 0.005667 0.009500
5 0.652000 0.696375 0.003667 0.005750
12 0.822667 0.694500 0.006333 0.013000
12 0.830333 0.699875 0.006000 0.013250
12 0.856250 0.695625 0.007500 0.011750
12 0.874083 0.699000 0.007833 0.012000
12 0.928250 0.704625 0.010833 0.018250
12 0.951917 0.703250 0.011167 0.015500
5 0.829917 0.701625 0.004500 0.008750
5 0.854917 0.697375 0.005500 0.007250
5 0.929750 0.708750 0.006167 0.010000
5 0.953583 0.705625 0.007167 0.010250
8 0.823000 0.693000 0.005667 0.004500
11 0.633667 0.742000 0.004333 0.009500
11 0.651667 0.735000 0.005000 0.008500
9 0.658917 0.743125 0.004500 0.011750
9 0.675667 0.740625 0.005667 0.013250
11 0.712167 0.719500 0.002333 0.004000
11 0.636833 0.676375 0.003333 0.004750
11 0.756333 0.732375 0.004333 0.008750
11 0.739417 0.729250 0.003167 0.008000
11 0.733167 0.728250 0.002333 0.004000
11 0.766833 0.716375 0.004333 0.006250
11 0.780333 0.725125 0.003000 0.004750
11 0.822750 0.708750 0.003500 0.005500
11 0.829250 0.715375 0.005167 0.006750
11 0.854417 0.725250 0.003500 0.005000
11 0.873250 0.712000 0.004500 0.005000
11 0.876833 0.712625 0.003333 0.004750
14 0.634333 0.781375 0.010000 0.011750
14 0.626750 0.781000 0.005167 0.009500
14 0.644833 0.784500 0.007000 0.008000
14 0.654167 0.786375 0.006333 0.010750
14 0.668833 0.785500 0.008333 0.010500
14 0.675167 0.788375 0.006667 0.009750
14 0.690083 0.747875 0.003833 0.004750
14 0.697167 0.747625 0.002667 0.004250
14 0.771167 0.756000 0.009667 0.008000
14 0.756250 0.754875 0.004833 0.006250
14 0.753667 0.766625 0.006000 0.006250
14 0.743917 0.766375 0.004167 0.004750
14 0.803250 0.750250 0.005500 0.009500
14 0.818667 0.752875 0.009000 0.005250
14 0.830000 0.754125 0.004333 0.006250
14 0.842750 0.759000 0.005833 0.007500
14 0.836417 0.758500 0.007833 0.006500
14 0.865250 0.757250 0.005167 0.007500
14 0.856250 0.755750 0.006500 0.006500
14 0.871917 0.761625 0.004500 0.006750
14 0.881667 0.762250 0.004000 0.006500
14 0.974417 0.783500 0.010833 0.005500
14 0.740250 0.749750 0.002833 0.005500
14 0.737417 0.751375 0.003167 0.003750
6 0.702250 0.747875 0.004833 0.004750
6 0.705500 0.748000 0.001667 0.004500
14 0.929333 0.784250 0.014000 0.008500
6 0.929500 0.783375 0.011667 0.006750
14 0.953333 0.782750 0.012333 0.009500
6 0.953667 0.782000 0.010000 0.009000
5 0.640667 0.704750 0.006667 0.005500
1 0.789083 0.698625 0.002500 0.003750
16 0.624167 0.723125 0.015000 0.035750
16 0.643167 0.720250 0.019000 0.034500
16 0.666250 0.720125 0.017500 0.036750
16 0.652250 0.707625 0.008833 0.017250
16 0.746250 0.713875 0.017167 0.032750
16 0.859417 0.712250 0.014833 0.026500
0 0.935000 0.741500 0.050000 0.093500
0 0.957750 0.742125 0.042500 0.090250
0 0.876500 0.729750 0.017667 0.073000
0 0.860333 0.725875 0.017000 0.070250
0 0.836417 0.727750 0.018167 0.068000
0 0.823083 0.724125 0.018167 0.066750
0 0.795833 0.723500 0.019667 0.062500
0 0.785500 0.723250 0.017667 0.062000
0 0.765833 0.724875 0.021000 0.068750
0 0.747917 0.730375 0.021500 0.081750
0 0.736250 0.727625 0.009833 0.051250
0 0.692167 0.719875 0.011333 0.060750
0 0.699667 0.722000 0.015667 0.057000
0 0.707333 0.717250 0.010333 0.056000
0 0.667000 0.741375 0.023667 0.102250
0 0.644417 0.740375 0.025167 0.099750
0 0.627500 0.739375 0.023667 0.097750
