12 0.089137 0.246479 0.039336 0.059376
12 0.278961 0.438001 0.032840 0.093344
12 0.666366 0.250345 0.064598 0.105772
12 0.787171 0.359431 0.063695 0.131732
3 0.781848 0.376692 0.054132 0.094449
11 0.247293 0.582712 0.037351 0.047501
11 0.273818 0.731980 0.027968 0.051091
11 0.566492 0.624137 0.028329 0.063518
11 0.881000 0.119028 0.063695 0.101077
11 0.888037 0.502762 0.020390 0.037835
1 0.694334 0.266087 0.009022 0.028998
1 0.640563 0.266363 0.012992 0.031759
1 0.272375 0.445043 0.012811 0.024579
0 0.336972 0.662662 0.219957 0.537697
0 0.800704 0.538249 0.224648 0.923502
14 0.106821 0.805993 0.048358 0.050539
14 0.224017 0.678404 0.029412 0.074289
14 0.313786 0.903480 0.073259 0.057167
14 0.380729 0.816073 0.031036 0.057995
14 0.641465 0.925711 0.058824 0.074565
14 0.609076 0.826153 0.026886 0.075946
6 0.612956 0.822839 0.020570 0.061033
6 0.642999 0.922397 0.048899 0.062414
6 0.315951 0.902651 0.067846 0.043911
6 0.383075 0.813311 0.023457 0.047501
6 0.108174 0.801850 0.030855 0.040597
6 0.221039 0.684618 0.022014 0.042530
7 0.272826 0.699807 0.092025 0.255730
7 0.167449 0.352527 0.026344 0.130627
7 0.034464 0.518641 0.051606 0.297708
0 0.151750 0.523060 0.174666 0.615300
0 0.646969 0.570423 0.189282 0.785695
