3 0.356891 0.349265 0.087022 0.138198
3 0.644240 0.413933 0.078974 0.156674
12 0.349535 0.302036 0.111293 0.231146
12 0.661595 0.373020 0.137575 0.253582
1 0.310048 0.321833 0.022510 0.047134
1 0.399459 0.295626 0.005659 0.049020
1 0.689135 0.401395 0.018612 0.045249
8 0.643046 0.406203 0.090921 0.062783
11 0.464977 0.892251 0.026031 0.049585
11 0.338908 0.886972 0.092807 0.118213
11 0.565895 0.896682 0.062877 0.049397
11 0.790053 0.895551 0.073818 0.047134
0 0.350478 0.563914 0.266851 0.755279
0 0.681841 0.582391 0.294769 0.672700
7 0.831175 0.543646 0.013204 0.100490
7 0.856514 0.538367 0.013330 0.088047
7 0.866009 0.529883 0.006916 0.077489
7 0.882420 0.520268 0.023139 0.095211
7 0.842430 0.697021 0.016600 0.169683
7 0.783891 0.690988 0.015719 0.093891
7 0.973403 0.664781 0.030558 0.204374
7 0.908702 0.359351 0.029427 0.146682
7 0.868775 0.334087 0.014713 0.079186
7 0.886381 0.374623 0.024271 0.210030
7 0.846265 0.387066 0.020246 0.131222
7 0.835953 0.394891 0.015971 0.085407
7 0.826270 0.419118 0.016222 0.109729
7 0.814323 0.432221 0.017983 0.100490
7 0.810299 0.453526 0.018737 0.126131
7 0.882294 0.185238 0.021378 0.103884
7 0.866197 0.199001 0.033199 0.076357
7 0.854502 0.224265 0.020624 0.112557
7 0.829288 0.302225 0.056967 0.145173
7 0.779364 0.313443 0.041122 0.104261
7 0.829980 0.205694 0.058350 0.156486
7 0.904615 0.146116 0.022762 0.131976
7 0.937500 0.081542 0.070926 0.162707
7 0.969064 0.217006 0.061871 0.226998
7 0.967115 0.467383 0.052943 0.079186
7 0.822497 0.573529 0.010186 0.115385
7 0.816839 0.577583 0.008174 0.110294
7 0.809671 0.576452 0.005407 0.099359
7 0.807596 0.579468 0.007545 0.092572
7 0.803194 0.581637 0.005533 0.086350
7 0.800679 0.583051 0.003773 0.082014
7 0.796466 0.584842 0.006162 0.074284
7 0.791939 0.586256 0.006665 0.067685
7 0.786343 0.588047 0.005785 0.059955
7 0.781816 0.588235 0.005282 0.054676
7 0.868021 0.900264 0.018989 0.037707
