12 0.136409 0.399691 0.038194 0.086861
12 0.210193 0.432099 0.036954 0.078483
12 0.283854 0.447972 0.038938 0.074074
12 0.351438 0.472663 0.039683 0.084656
12 0.421751 0.456570 0.034970 0.078042
12 0.504464 0.394180 0.036210 0.084656
12 0.584945 0.470018 0.037450 0.082892
12 0.647569 0.465608 0.036706 0.076720
12 0.736855 0.412257 0.042659 0.090829
12 0.829613 0.370811 0.044643 0.099647
9 0.116691 0.515873 0.043403 0.064374
9 0.197669 0.542989 0.037202 0.055996
9 0.235987 0.687831 0.019593 0.073192
9 0.330481 0.528660 0.019593 0.067901
9 0.388021 0.501764 0.019097 0.070547
9 0.432788 0.636464 0.024802 0.055115
9 0.472346 0.499559 0.019593 0.064374
9 0.543651 0.659392 0.015873 0.059524
9 0.554688 0.530644 0.018601 0.062169
9 0.625744 0.703924 0.018849 0.055996
9 0.708953 0.533951 0.023562 0.053792
9 0.753100 0.532628 0.042907 0.052028
9 0.787326 0.654982 0.018105 0.048060
9 0.856895 0.569224 0.035218 0.044974
14 0.142733 0.873898 0.035466 0.135802
14 0.167535 0.885362 0.040923 0.141093
14 0.219990 0.877646 0.030258 0.123898
14 0.258681 0.899471 0.029266 0.131393
14 0.295139 0.902778 0.031746 0.127425
14 0.326885 0.897487 0.034722 0.138007
14 0.347098 0.879630 0.029514 0.114638
14 0.397569 0.897707 0.030754 0.140212
14 0.415675 0.881834 0.025298 0.134039
14 0.491567 0.906526 0.033234 0.156966
14 0.516493 0.888448 0.028026 0.127866
14 0.574777 0.890653 0.029018 0.142857
14 0.593750 0.884700 0.024306 0.125661
14 0.678695 0.925485 0.029018 0.121693
14 0.663442 0.896384 0.015377 0.127866
14 0.734623 0.893959 0.042659 0.115079
14 0.773810 0.911596 0.038194 0.143298
14 0.812004 0.904762 0.037698 0.126102
14 0.874008 0.918210 0.046131 0.145062
13 0.128720 0.589065 0.125000 0.462081
13 0.198041 0.610229 0.096478 0.438272
13 0.271825 0.622795 0.101190 0.422840
13 0.342758 0.643959 0.086310 0.427249
13 0.415551 0.629850 0.103919 0.422840
13 0.500620 0.595238 0.108383 0.485009
13 0.588790 0.632055 0.093750 0.408730
13 0.669395 0.649030 0.100694 0.447090
13 0.747396 0.605820 0.118304 0.472663
13 0.844866 0.588845 0.124256 0.523369
5 0.137153 0.418210 0.027778 0.047178
5 0.210441 0.446869 0.021577 0.030423
5 0.280754 0.464727 0.024802 0.033510
5 0.354663 0.497795 0.020833 0.036155
5 0.422247 0.478395 0.027034 0.033510
5 0.506448 0.415344 0.024306 0.041446
5 0.586806 0.494048 0.024802 0.036596
5 0.648313 0.484788 0.031746 0.041005
5 0.738467 0.434965 0.029018 0.043651
5 0.828745 0.384700 0.027530 0.045414
8 0.280134 0.444665 0.030506 0.028660
8 0.356523 0.475750 0.033482 0.036155
8 0.423487 0.459877 0.027034 0.022928
8 0.645461 0.462743 0.031994 0.028660
8 0.137029 0.395944 0.029514 0.020282
0 0.127480 0.647046 0.122024 0.590388
0 0.199157 0.674383 0.104167 0.565697
0 0.273562 0.688051 0.102183 0.554233
0 0.342758 0.700617 0.078869 0.537919
0 0.413318 0.692460 0.098958 0.546296
0 0.503844 0.668210 0.112847 0.636243
0 0.590278 0.696208 0.089782 0.535273
0 0.672743 0.706790 0.105903 0.563492
0 0.746776 0.675926 0.118056 0.612875
0 0.843874 0.657848 0.126736 0.657848
